0.24731510975728546,0.28913603068297333,0.07656249473347593,0.04122751764768945,0.17860486648317664,0.08055799100157007,0.07038110530251651,0.049237763313981386,0.03676047420647188,0.02665692756755833,0.02508316754686951,0.0424771780862116,0.0942393385601969,0.016949649186337123,0.03179189153199796,0.006292113625078921,0.021733220371139228,0.020230698957294735,0.042428291628640924,0.043906696958634306,0.0019149404874860831,0.0394709669781656,0.027106294685362464,0.0060933030413657385,0.036093303041365654,0.0671049564044384,0.03400168311696042,0.09386722147484722,0.07461494590042966,0.02997476122412887,0.007258707065974951,0.03616126830884059,0.28912781347603544,0.3633535900484215,0.5711999744006554,0.0013930504495573426,0.054961261595885436,0.021446519814859732,0.0038991214375623806,0.040694445041794036,0.013100437198831139,0.025247857299916854,0.04126008318961211,0.04525715688062215,0.05237715029515361,0.04591013701786728,0.04062441158645547,0.07802553463332984,0.06460221782382525,0.004742843119377671,0.03892224981495923,0.05889518884800715,0.05602719239915055,0.04525715688062221,0.01226643422437218,0.03474284311937792,0.06474284311937784,0.012016198510679976,0.06525715688062195,0.05268152742926652,0.05076960703539368,0.005047988951935201,0.025257156880622356,0.02972637503283515,0.055808516947502995,0.0414857543177109,0.000618675908485744,0.020625809224372293,0.3443168096381948,0.42000000243863334,0.022048772604317313,0.11271289317204597,0.014332271186356993,0.03972297195232055,0.029073694949699136,0.0799725099332021,0.016187618416966976,0.036931990959832794,0.02037751595924786,0.13757124496163325,0.015389476110524714,0.010372195298914921,0.09113035644266382,0.016105823048678525,0.05385154092785353,0.0005970933440532789,0.05202591251244926,0.0036274803677185385,0.08861005288317252,0.05281008151871527,0.006554153650746186,0.05497625849837598,0.01178119850330607,0.9053973729332478,0.049722958359790466,0.04520116106586533,0.007650517673011684,0.09879730692347974,0.1594094403149227,0.26984741526080225,0.056180348715458656,0.07327043463314437,0.04422123393872032,0.010001359951117172,0.07142388099711089,0.02332123068853452,0.02988217867740378,0.005156674463190514,0.0059534938349034006,0.02498692360070781,0.15293986554742753,0.053447885122789474,0.010680790460555117,0.016971784134958035,0.019390192786083546,0.04208452419651848,0.03067140439901378,0.03459102546417789,0.054343405133029286,0.03229969378142525,0.01728499819904325,0.21741381738881832,0.2031792389681486,0.054604538184405055,0.04653237151543739,0.030707777038503997,0.03797272034543127,0.04614551263366992,0.08399861196211736,0.03682344767688776,0.04649627386880403,0.1689309033568592,0.1137631181323644,0.08193363380537533,0.029760992168916964,0.09495480932590006,0.048071299493208014,0.030183842429014257,0.05872811310694896,0.11633684156231563,0.1416625284837154,0.010864860594549608,0.00394002121170535,0.007941263257072173,0.009475831621789832,0.027162665524839064,0.06835190490426452,0.04308517259947678,0.01926157260047722,0.04694772700294668,0.07542915194393181,0.13333222153792276,0.11429029468527101,0.014668985001564577,0.006734427656548192,0.024764121389351218,0.052449425754727455,0.04181759317556775,0.09838465591485984,0.08389142571000185,0.11862979637341936,0.0021725127415662057,0.023374732404602173,0.026644492325143737,0.04339934317596952,0.043612794263797015,0.07025645096575821,0.08508896752829447,0.1263510522720569,0.012301012765041947,0.0399774880809875,0.10888046519861502,0.003721308829399708,0.026875640145046592,0.030469516548631337,0.012916218387161893,0.03779702020330658,0.1329957812268322,0.03455979721434044,0.04540695482976481,0.13688759315065585,0.11582108161125264,0.16678516572732388,0.02420587138568909,0.022337528718614552,0.030375274836847307,0.05795879251888185,0.023985915523965493,0.051416729232541473,0.07274419449719627,0.04827980674879065,0.1372816929101034,0.04078506528671796,0.005134031498009908,0.030112377220094147,0.051349158150894,0.022361427548658497,0.049165740430299386,0.14525620419144014,0.06550650338154243,0.06156984966188375,0.04909241547247487,0.13360216004754677,0.003847751055844506,0.07446238120287518,0.05531765088815631,0.06315325887830195,0.012963931400616871,0.0583381874278172,0.04448095276558497,0.14349978599288077,0.04038024623955365,0.03840127724072831,0.07340031031792232,0.047137005909194396,0.020556434310909602,0.010443793029100493,0.03795978712294594,0.02695461312871289,0.042422659394694105,0.03897706669983417,0.045645252885923644,0.03795926370093585,0.0745326008348373,0.0006866996220784433,0.07464219029323793,0.03761895345851622,0.022824609451342907,0.03445659235510653,0.01286798093830746,0.025531187601687304,0.4646730694781353,0.078027128409177,0.004796632146543675,0.1299810611967669,0.042216870326264117,0.06740652531463509,0.046980395548089394,0.012528480445904502,0.44209590880632144,0.02400734578236724,0.14855284508834188,0.06858409284399405,0.09119230908763754,0.004184008452103871,0.04772603964893701,0.02698014722486075,0.07192161213034805,0.055361254065134674,0.11857384097868243,0.008554177770094165,0.030757074229371663,0.04164543817083734,0.031945781047174146,0.07677776429654155,0.07418006831862374,0.03589150286324522,0.01699529005161586,0.04030768183078079,0.05417326704169143,0.05645465379184151,0.0239108537443613,0.023877333641077882,0.034158078280956586,0.08219582981220723,0.03858517687689232,0.03756551546599421,0.049411856222176614,0.04315986664309978,0.05794553861652425,0.05605946822433698,0.04182375236125757,0.18360655011938953,0.04891382734791726,0.027763676308506745,0.06148704811877589,0.05539856527056362,0.20064184553796893,0.0705714911149424,0.05230861206006723,0.0058764640587387895,0.028032712851920716,0.010870742232950233,0.08840238013277293,0.05920209963495485,0.03649687297815253,0.020743295144529883,0.03647066099284904,0.03786166432642233,0.030261226780480842,0.055006565922287066,0.050007158971121776,0.03784756482780375,0.023226721357282033,0.022534609746345285,0.05152923765634902,0.0397943050691214,0.0421577072214462,0.06941844036542762,0.0351188242176549,0.049566056170352826,0.024316226120861234,0.02791968420266593,0.023535331018979654,0.026541121800110094,0.023278485116531196,0.03702130080244973,0.031150495711258587,0.04210264305150492,0.02231790002389104,0.06746808174504962,0.0645540497417677,0.1642086049284775,0.10896172854781566,0.04569548600357555,0.02258766034988014,0.04205993963206542,0.04058396906244076,0.039214898819121685,0.022445635960966936,0.0408383533020765,0.04354725963670013,0.04577193564367968,0.05186601105951334,0.05039241245164845,0.07291129421110516,0.04478274953824049,0.14066670780276808,0.0327056698051849,0.034570012480121225,0.041961292138244635,0.10202798449176892,0.030921534412571436,0.02691495963163637,0.03740913252696718,0.028375125010430532,0.037161615469208945,0.29250075293182304,0.05724094679217813,0.03194194342560888,0.041569918234283666,0.029370756070801196,0.04401133395852322,0.045122555899158756,0.053708955229233926,0.05469478801269094,0.05339275725112884,0.025692369382776914,0.03297383894045877,0.05482497243653983,0.036511096136657796,0.028280084821811036,0.03317742384532599,0.02709811324595148,0.028078799157359405,0.018832658387070312,0.025288275792467313,0.030233753602492513,0.04157643458821581,0.05192882767153051,0.0356042394674693,0.034957065844164595,0.053006602610859974,0.029117754221377606,0.06742799763550132,0.04109562781918613,0.03412348094188346,0.015713001603133103,0.044589565068763395,0.016843298875886717,0.004914496036842662,0.034396182676371574,0.0213147060341916,0.04582260012950318,0.036168099120259214,0.03402073243156585,0.039301953236510465,0.024168958171984552,0.038816508672306925,0.0354952401006256,0.03288576435603951,0.02430235328472604,0.047511025300213935,0.039216745211387447,0.015908052109081645,0.0392376785560727,0.02076377076287802,0.025910681309559022,0.019215852728541143,0.04192744478526735,0.03196449209595131,0.03228561037113114
0.06268489024271459,0.28913603068297333,0.0077365838023018,0.018772482352310604,0.049400867002589666,0.05555799100157005,0.016737380606160313,0.024237763313981253,0.021760474206471814,0.011656927567558262,0.01843050648244371,0.0025228219137883867,0.010760661439803088,0.04694964918633715,0.008208108468001962,0.028707886374920832,0.003266779628860794,0.004769301042705343,0.05237598050609571,0.01390669695863428,0.03691494048748667,0.06447096697816557,0.007149060187857159,0.031093303041365705,0.00390669695863427,0.0671049564044384,0.03400168311696042,0.01694414455177029,0.06458879071298418,0.03497476122412886,0.015307487553779836,0.02536363682155396,0.28912781347603544,0.013458004154477066,0.07119997440065529,0.0018627635039309975,0.014961261595885511,0.031446519814859686,0.0035765407924010506,0.0006944450417940007,0.011899562801168884,0.04512515791341376,0.011260083189612191,0.01025715688062212,0.05737715029515367,0.07591013701786731,0.0756244115864555,0.023025534633330014,0.047022599989430425,0.004742843119377671,0.011077750185040647,0.033895188848006796,0.046027192399151096,0.05025715688062221,0.012733565775627842,0.0002571568806220559,0.004742843119377671,0.03164233807468597,0.025257156880622245,0.04268152742926695,0.03576960703539367,0.020047988951935214,0.020257156880622296,0.010273624967164885,0.03580851694750253,0.017339412854296243,0.010618675908485642,0.0343741907756282,0.10293749929336712,0.42000000243863334,0.03244575247844306,0.10969825062251976,0.009117147327165342,0.006086608315956921,0.04985056938511018,0.06897713956283169,0.02111322506944352,0.04718840121624296,0.0034261650223473272,0.11209505448544277,0.02063536860997217,0.017872195298914928,0.04970178501409239,0.056149507067608184,0.019264162287076822,0.00819808737883837,0.006622185804374792,0.0017227184629566294,0.08861005288317252,0.05281008151871527,0.031226005862705353,0.05343185695397444,0.03559072231282988,0.15539737293324785,0.049722958359790466,0.04520116106586533,0.05106137038618998,0.017869359743186944,0.011261292166774572,0.26984741526080225,0.061556692801480156,0.07507223643494615,0.004196976813189701,0.020751994022051135,0.04528009014743767,0.018556489771321905,0.02730736380625637,0.0014746252715575614,0.030655552339778847,0.03120399420134004,0.057924289223439895,0.053447885122789474,0.041715273219175814,0.016971784134958035,0.03961601839404068,0.049786706481499216,0.030153806055328455,0.006970184284014663,0.054343405133029286,0.03229969378142525,0.006375907289952312,0.21741381738881832,0.2031792389681486,0.09017766071404931,0.030014736145343,0.02185499993445353,0.0412470351647376,0.05028801470492095,0.018501535938725666,0.021230227337904556,0.022969715537491886,0.1689309033568592,0.06830857267781894,0.039560752449443126,0.029760992168916964,0.06435371642972512,0.012938518178601255,0.03153303307085242,0.014422084196383661,0.20184497661950254,0.1416625284837154,0.02501722434040929,0.012948867677183562,0.035735399063658,0.03277081062485243,0.0010209155999186814,0.022637619189978753,0.06391850593281004,0.0038085250037818742,0.04694772700294668,0.038392114906894786,0.13333222153792276,0.11429029468527101,0.0071535119688500015,0.056568314699737554,0.004191936522764561,0.04190875115155286,0.007273315915341333,0.0640439965742005,0.08389142571000185,0.11862979637341936,0.006804572068261329,0.0019911212539344275,0.057983523664175085,0.04339934317596952,0.043612794263797015,0.015634602226262423,0.08508896752829447,0.1263510522720569,0.005414481682340391,0.020743574537608334,0.05066208783130144,0.018820532297907006,0.006844205250128535,0.07371275979187458,0.015143771936979383,0.03779702020330658,0.0025974391121507956,0.03188957024504804,0.017486126931241464,0.011940133658722346,0.012619285361224489,0.011912001508365369,0.02420587138568909,0.022337528718614552,0.030375274836847307,0.05795879251888185,0.013076824614874583,0.051416729232541473,0.05186877362177539,0.04827980674879065,0.005575449947039457,0.034872278886126686,0.01993183734059186,0.061779043886760796,0.05759995544646737,0.022361427548658497,0.049165740430299386,0.049102358037593996,0.06550650338154243,0.06156984966188375,0.15090758452752515,0.0330645066191199,0.04628806935823178,0.04668460342509741,0.024682349111843693,0.06315325887830195,0.022549430062111686,0.0006458797355095025,0.04448095276558497,0.06445566834582195,0.04038024623955365,0.015764038983795636,0.06385459164286197,0.047137005909194396,0.01375371322247422,0.014610459695767158,0.01049363625253974,0.02695461312871289,0.042422659394694105,0.03897706669983417,0.045645252885923644,0.03795926370093585,0.0745326008348373,0.029907478842857674,0.030935896586944248,0.03761895345851622,0.022824609451342907,0.03445659235510653,0.00036798093830746337,0.025531187601687304,0.16467306947813531,0.078027128409177,0.0041319392820277495,0.026532785334697925,0.011546570533950917,0.012360653755002081,0.017239787938149127,0.0013604084429844066,0.19209590880632146,0.02400734578236724,0.0914099879454847,0.06858409284399405,0.09119230908763754,0.011981618320442922,0.04174313366603104,0.011736244785836361,0.07192161213034805,0.024111254065134674,0.0340667987251613,0.008554177770094165,0.030757074229371663,0.04164543817083734,0.031945781047174146,0.07677776429654155,0.028725522864078284,0.07755816952991187,0.04551578916035026,0.04030768183078079,0.05417326704169143,0.012010209347397056,0.019567407125203915,0.023877333641077882,0.034158078280956586,0.10201469650358223,0.03822233217442498,0.03756551546599421,0.049411856222176614,0.04315986664309978,0.05794553861652425,0.07391661108147983,0.04182375236125757,0.08526286481918248,0.04891382734791726,0.027763676308506745,0.06148704811877589,0.05539856527056362,0.0934989883951118,0.00605536208268434,0.05230861206006723,0.0004098028658260089,0.028032712851920716,0.010870742232950233,0.08840238013277293,0.06323435769947097,0.03649687297815253,0.012434399738860263,0.03647066099284904,0.03786166432642233,0.030261226780480842,0.042506565922287055,0.050007158971121776,0.03784756482780375,0.023226721357282033,0.022534609746345285,0.03614462227173364,0.010205694930878605,0.0421577072214462,0.06941844036542762,0.017262128163297488,0.049566056170352826,0.024316226120861234,0.02791968420266593,0.023535331018979654,0.026541121800110094,0.023278485116531196,0.03702130080244973,0.031150495711258587,0.04210264305150492,0.0030789253729343533,0.1325319182549504,0.0645540497417677,0.1142086049284775,0.10896172854781566,0.04569548600357555,0.02258766034988014,0.04205993963206542,0.04058396906244076,0.004263362050443531,0.022445635960966936,0.0408383533020765,0.04354725963670013,0.04577193564367968,0.05186601105951334,0.012512305402190588,0.07291129421110516,0.04478274953824049,0.05177781891387917,0.0327056698051849,0.03132325923336798,0.041961292138244635,0.01585777172581148,0.030921534412571436,0.02691495963163637,0.03740913252696718,0.028375125010430532,0.037161615469208945,0.1258340862651564,0.007275182240079933,0.06805805657439112,0.041569918234283666,0.029370756070801196,0.04401133395852322,0.045122555899158756,0.053708955229233926,0.03621430289639997,0.05339275725112884,0.025692369382776914,0.03297383894045877,0.05482497243653983,0.036511096136657796,0.028280084821811036,0.09182257615467401,0.01459811324595148,0.028078799157359405,0.018832658387070312,0.025288275792467313,0.030233753602492513,0.04157643458821581,0.05192882767153051,0.0356042394674693,0.034957065844164595,0.053006602610859974,0.029117754221377606,0.034482261201392805,0.04109562781918613,0.03412348094188346,0.006239257561402256,0.044589565068763395,0.0012877433203311722,0.0095231939327622,0.034396182676371574,0.0213147060341916,0.04582260012950318,0.036168099120259214,0.03402073243156585,0.039301953236510465,0.024168958171984552,0.038816508672306925,0.0354952401006256,0.03288576435603951,0.02430235328472604,0.047511025300213935,0.039216745211387447,0.02121027904439448,0.0392376785560727,0.007430437429544688,0.025910681309559022,0.019215852728541143,0.021927444785267355,0.03196449209595131,0.03228561037113114
0.05268489024271458,0.28913603068297333,0.009407427578408456,0.025439149018977092,0.02314826153043853,0.03055799100157014,0.013604548525959714,0.000762236686018658,0.0032395257935280974,0.006656927567558313,0.0018171447198282453,0.01581051141954498,0.010906005226863746,0.033616315853003786,0.014874775134668672,0.028707886374920832,0.021600112962194107,0.006435967709372048,0.03262278545979225,0.020573363625300933,0.004751726179179849,0.04947096697816539,0.02050378005868614,0.03275996970803241,0.030573363625300942,0.0671049564044384,0.03400168311696042,0.037263447889941556,0.04195365557784907,0.03917830104713768,0.014451689522115285,0.033960241162839105,0.28912781347603544,0.01335359004842157,0.0861999744006553,0.003606949550442662,0.0116279282625521,0.018113186481526322,0.0013389738005328278,0.027361111708460673,0.00023289613450216962,0.03594961168588173,0.014593416522945435,0.02140950978604439,0.04904381696182014,0.06591013701786708,0.057291078253122185,0.048025534633330036,0.022216896722907886,0.015257156880622347,0.021077750185040656,0.015561855514673817,0.039360525732484164,0.04525715688062221,0.011066899108961192,0.01192382354728877,0.004742843119377671,0.024830648336166883,0.00525715688062256,0.04601486076260014,0.012563726297939892,0.0017146556186019013,0.005257156880622227,0.009726375032835022,0.019141850280835926,0.03436863720059369,0.012714657424847564,0.0006258092243719426,0.012826047504662375,0.42000000243863334,0.04657867837607477,0.08117354132019411,0.004346723952090792,0.014167416396764998,0.04759221346821785,0.03145277309109684,0.049348338163765715,0.0020751012387487666,0.02037751595924764,0.06185072094416599,0.02442952841436216,0.014093125531473183,0.056719876093318855,0.057308759349886385,0.009522584946272367,0.01029576379880387,0.02239120931610239,0.0027480654838097918,0.08861005288317252,0.05281008151871527,0.03011519096889928,0.04426743646879924,0.018169119525373423,0.21308968062555556,0.009722958359790465,0.04979886221529062,0.039229465041432744,0.03870269307652027,0.019058563121940264,0.26984741526080225,0.03766183019694014,0.07646112532383495,0.02597484449265222,0.003935624304340524,0.013393077916802804,0.002571835039864037,0.0003708466251265141,0.009835829284935482,0.022558386347876103,0.01149616278453125,0.03739794325703899,0.053447885122789474,0.031733422039502496,0.00030511746829137154,0.05312062972473898,0.051695508178211835,0.028506902234511522,0.013286119973943161,0.054343405133029286,0.03229969378142525,0.008809277895232864,0.21741381738881832,0.2031792389681486,0.046189390919327916,0.017922661553268396,0.04714549890916289,0.014589482191395123,0.02186056929853772,0.010725338688844094,0.015462191132385006,0.036474350912336764,0.1689309033568592,0.04558129995054622,0.027572327480447634,0.005019833099399684,0.047584800274305894,0.0056921413670070475,0.0327776810843942,0.004602190993378857,0.07285234762687359,0.1416625284837154,0.019068851725370012,0.0007654180371021585,0.04531317461275035,0.02022005388804915,0.014945470954703194,0.0355111824083697,0.06689469640900053,0.011558460420986733,0.04694772700294668,0.016605622532167123,0.13333222153792276,0.11429029468527101,0.006867020062246376,0.049591570513691036,0.021555150736372458,0.025805434825022275,0.006136952278977675,0.0500527483015151,0.08389142571000185,0.21470353695991395,0.01844086081298381,0.013199293808110898,0.04521213158243817,0.04339934317596952,0.043612794263797015,0.03851041921972646,0.06334983709351186,0.1263510522720569,0.005414481682340391,0.035470082251493285,0.028122583539972323,0.0070376327233773045,0.00021377741761020863,0.06616558998055383,0.01027340952471753,0.003582290141521005,0.009861361630310594,0.016702654357197644,0.017486126931241464,0.012753983910276045,0.01217891838874742,0.011152180826046507,0.02420587138568909,0.022337528718614552,0.030375274836847307,0.05795879251888185,0.021468629930579963,0.051416729232541473,0.05186877362177539,0.04827980674879065,0.026170581798992287,0.04191949523566862,0.0042891990564441485,0.03972776183547874,0.037368428885826935,0.015355188149608581,0.002558397500735096,0.05712474818951225,0.0030065033815424302,0.06156984966188375,0.04181667543661604,0.06639783995245323,0.023078520286613738,0.023898274534829733,0.0355914400209346,0.06315325887830195,0.0023617390974674246,0.032570903481273714,0.04448095276558497,0.0510628112029648,0.04038024623955365,0.01527528043052094,0.03186284757681451,0.047137005909194396,0.026207925676686686,0.007343017835302015,0.0009900901532489542,0.02695461312871289,0.042422659394694105,0.03245150472873726,0.045645252885923644,0.03795926370093585,0.0745326008348373,0.02720185113722997,0.003803557507348579,0.03761895345851622,0.009125979314356606,0.03445659235510653,0.020220254355810187,0.025531187601687304,0.0757841805892464,0.022471572853621447,0.057703367853456325,0.028286145942529595,0.0077831296737358655,0.012360653755002081,0.012341638350215685,0.009023243692026547,0.08495305166346431,0.02400734578236724,0.11521951175500851,0.06858409284399405,0.00880769091236247,0.0067627939293057465,0.007536914353428778,0.006276733509084198,0.07192161213034805,0.032633981337861946,0.05126614867099011,0.01323175879247973,0.01170945518175262,0.04164543817083734,0.0049187540201471175,0.07677776429654155,0.00010599424454967032,0.06606391665634867,0.03228928864472755,0.04030768183078079,0.05417326704169143,0.012010209347397056,0.014550684717177163,0.023877333641077882,0.034158078280956586,0.04088109326471587,0.03834482115041714,0.03756551546599421,0.049411856222176614,0.04315986664309978,0.05794553861652425,0.007982545147413908,0.04182375236125757,0.0788913021095916,0.04891382734791726,0.027763676308506745,0.06148704811877589,0.05539856527056362,0.05064184553796895,0.00785988143407719,0.05230861206006723,0.015596890173236136,0.028032712851920716,0.010870742232950233,0.08840238013277293,0.018412625950744332,0.015586460355180798,0.010642285043519772,0.03647066099284904,0.012138335673577673,0.030261226780480842,0.022233456678589607,0.050007158971121776,0.03784756482780375,0.023226721357282033,0.022534609746345285,0.037640348767460134,0.010205694930878605,0.0421577072214462,0.06941844036542762,0.02641963732080664,0.049566056170352826,0.024316226120861234,0.02791968420266593,0.023535331018979654,0.026541121800110094,0.023278485116531196,0.03702130080244973,0.018849504288741416,0.04210264305150492,0.0038897157420482234,0.09919858492161704,0.0645540497417677,0.031855663752006894,0.05013819913605096,0.04569548600357555,0.02258766034988014,0.04205993963206542,0.03633910786063617,0.0354119668525201,0.022445635960966936,0.0408383533020765,0.04354725963670013,0.04577193564367968,0.05186601105951334,0.02893560838614874,0.07291129421110516,0.04478274953824049,0.0459298656975049,0.0327056698051849,0.005394962178310356,0.041961292138244635,0.02052113517670042,0.011313691275316538,0.02691495963163637,0.10544801033017567,0.054958208322902796,0.037161615469208945,0.050076510507580656,0.0379971484459171,0.10139138990772445,0.041569918234283666,0.017665070452072093,0.04401133395852322,0.045122555899158756,0.053708955229233926,0.013101822156800558,0.05339275725112884,0.025692369382776914,0.03297383894045877,0.05482497243653983,0.036511096136657796,0.028280084821811036,0.05505787027232108,0.019224097497919986,0.028078799157359405,0.018832658387070312,0.025288275792467313,0.030233753602492513,0.04157643458821581,0.05192882767153051,0.0356042394674693,0.034957065844164595,0.01454506414932151,0.029117754221377606,0.034482261201392805,0.04109562781918613,0.03412348094188346,0.004004721168657188,0.044589565068763395,0.006447840364619616,0.012057353179699807,0.034396182676371574,0.0213147060341916,0.04582260012950318,0.036168099120259214,0.014789963200796626,0.039301953236510465,0.03465457123978015,0.038816508672306925,0.0354952401006256,0.03288576435603951,0.02430235328472604,0.047511025300213935,0.039216745211387447,0.013525681650475324,0.0392376785560727,0.01269925463384576,0.025910681309559022,0.019215852728541143,0.028769550048425248,0.03196449209595131,0.03228561037113114
0.039351556909381274,0.28913603068297333,0.021492564663545488,0.021272482352310607,0.04889144265210571,0.02555799100157008,0.012251734673145831,0.005762236686018385,0.010739525793528326,0.01165692756755804,0.003049824780496202,0.017477178086211742,0.004239338560197037,0.02444964918633702,0.01570810846800197,0.040374553041587685,0.008266779628860799,0.00023069895729449508,0.02628595629224395,0.0035933030413657363,0.020585059512513548,0.024470966978165587,0.021756154794679128,0.018593303041365805,0.023906696958634288,0.0671049564044384,0.03400168311696042,0.04053388814151388,0.02846355656794805,0.02132227895462528,0.02059204039930826,0.03041414187205896,0.28912781347603544,0.017559197525057024,0.06453330773398858,0.02139305044955736,0.014961261595885067,0.04144651981485964,0.008287610646195542,0.010694445041793954,0.005600437198831076,0.010367311224831532,0.03126008318961215,0.01474284311937768,0.052377150295153496,0.05341013701786734,0.0556244115864557,0.03802553463333025,0.014098620701523179,0.017757156880622182,0.016077750185040762,0.0036048111519927373,0.043527192399150816,0.030257156880622194,0.01023356577562784,0.01025715688062212,0.03224284311937786,0.005290219862993162,0.0077571568806218405,0.020181527429266766,0.009230392964606815,0.014952011048064762,0.01525715688062218,0.027226375032835648,0.010808516947502844,0.024725190937429142,0.014381324091514158,0.00437419077562784,0.061708113986020774,0.42000000243863334,0.024243428486645346,0.06333017712266326,0.0391359090532441,0.01530120324483758,0.06154452194107435,0.01929674851188229,0.05518124260706647,0.0313094788564402,0.020651488561987397,0.056765875834116464,0.020911893752488975,0.0041601788018043595,0.05446368977599714,0.059466256653014915,0.00800079067836415,0.00836484437220969,0.0017481347346716691,0.00303918629894806,0.08861005288317252,0.05281008151871527,0.03011519096889928,0.011580750314135399,0.010920613305371488,0.007961475497350393,0.009722958359790465,0.020394959515477734,0.010622916823754755,0.003274918863778231,0.011643191264024605,0.26984741526080225,0.049513682048791974,0.03563070065833182,0.01693194020222316,0.013234568128005164,0.0007983412251113542,0.016258206201724842,0.009567087466790192,0.002978816023988917,0.004220875905102617,0.0066701946675404855,0.03050700614774332,0.053447885122789474,0.012641574774280614,0.027557477951555873,0.036165362769472145,0.04796880010367768,0.028025901753511065,0.043120614747462316,0.054343405133029286,0.03229969378142525,0.0036940227799777264,0.21741381738881832,0.2031792389681486,0.021995842532231136,0.028127837418295554,0.03419353858878152,0.004881058792783985,0.014651960718086887,0.018789140195268478,0.0026732500484291377,0.02802883172945879,0.1689309033568592,0.02001311813236442,0.0037364073030641265,0.005019833099399684,0.0338241214141488,0.002834990415938654,0.021109386283569315,0.001728627774988084,0.013292788067314043,0.1416625284837154,0.010218761418326061,0.007899687349314705,0.00797385610632309,0.04357236499487155,0.03181853597018307,0.0273633575866033,0.09750694130695972,0.0033062475107285133,0.04694772700294668,0.004632691766940658,0.13333222153792276,0.11429029468527101,0.0006413598260218145,0.04542490384702437,0.030671959853181607,0.0014417567695303585,0.0034569374378628503,0.03676601704300214,0.05889142571000185,0.02422734648372349,0.02034019604565239,0.013754479240045206,0.036320351057606254,0.04339934317596952,0.043612794263797015,0.012145070820479761,0.03590863965944201,0.1263510522720569,0.013837420750440713,0.029541228496552607,0.014502716476399446,0.005909150297140078,0.010960702111299722,0.04836064711581828,0.01666484972924362,0.02652941456950378,0.020230025224780707,0.016702654357197644,0.019317964264086315,0.021808228071290764,0.00026552605569704624,0.015600027995101143,0.02420587138568909,0.022337528718614552,0.030375274836847307,0.05795879251888185,0.012377720839670876,0.051416729232541473,0.049596046349048156,0.04827980674879065,0.04204359767200816,0.03814828216212996,0.0042891990564441485,0.0018277056872474107,0.03506693291344484,0.015355188149608581,0.0015466928112517694,0.0624902746817993,0.002569440444479487,0.009858721766687673,0.08424091786085847,0.0169354933808801,0.024432799809907348,0.02192316096579952,0.01134901577851033,0.06315325887830195,0.0022801707168561766,0.02423061991163232,0.04448095276558497,0.02585272716935136,0.04038024623955365,0.012381170794838317,0.03339580618693204,0.047137005909194396,0.03851561798437898,0.009313849526275592,0.006894850625092874,0.02695461312871289,0.042422659394694105,0.01507698735421989,0.045645252885923644,0.03795926370093585,0.0745326008348373,0.02720185113722997,0.0014408517544761273,0.03761895345851622,0.011835598462331917,0.03445659235510653,0.005187574617248093,0.025531187601687304,0.04159614640121222,0.043544369788487344,0.04381447896456743,0.03474296595867166,0.0077831296737358655,0.0023658749081310465,0.021201422633728782,0.0047159804459044885,0.04209590880632146,0.02400734578236724,0.08188617842167518,0.06858409284399405,0.03646726538044756,0.006038237520710338,0.025750662860023532,0.02905433553375994,0.07192161213034805,0.02257436881923304,0.04449976690460836,0.024582052334554093,0.016051191876430487,0.04164543817083734,0.008054218952825848,0.07677776429654155,0.020126014264569683,0.029312555494824158,0.007514513869952763,0.018515847580983916,0.05417326704169143,0.005809497151554738,0.007339146255638699,0.023877333641077882,0.034158078280956586,0.028915281298903903,0.03884845024240352,0.005307450949865178,0.049411856222176614,0.04315986664309978,0.06705446138347575,0.019294762341984045,0.04182375236125757,0.0609520878768266,0.04891382734791726,0.027763676308506745,0.06148704811877589,0.07793476806276972,0.05320594810207151,0.018623439166890465,0.05230861206006723,0.0016992935170188211,0.028032712851920716,0.010870742232950233,0.08840238013277293,0.03241638534924057,0.008686248040955746,0.005914152655812924,0.03647066099284904,0.0027739450281767317,0.030261226780480842,0.017118367164523085,0.04999284102887823,0.03784756482780375,0.023226721357282033,0.022534609746345285,0.03783060751936272,0.010205694930878605,0.0421577072214462,0.04169267074568349,0.012249596834976686,0.049566056170352826,0.024316226120861234,0.02791968420266593,0.002105694622045986,0.026541121800110094,0.023278485116531196,0.03702130080244973,0.035516170955408065,0.04210264305150492,0.007954756392454729,0.022691962342064553,0.0313363612171364,0.059507750227622766,0.006397625983713101,0.04569548600357555,0.02258766034988014,0.04205993963206542,0.02191603093755924,0.019037528365344322,0.022445635960966936,0.0408383533020765,0.04354725963670013,0.04577193564367968,0.05186601105951334,0.010891231440691124,0.010422039122228166,0.04478274953824049,0.03744090135115516,0.0327056698051849,0.007585885495994232,0.041961292138244635,0.002027984491768914,0.011313691275316538,0.02691495963163637,0.045924200806366146,0.030448404401334173,0.037161615469208945,0.08416741959848975,0.011724570449201152,0.06329615181248635,0.041569918234283666,0.008785707316738348,0.04401133395852322,0.045122555899158756,0.053708955229233926,0.00591430020781291,0.05339275725112884,0.025692369382776914,0.03297383894045877,0.05482497243653983,0.036511096136657796,0.028280084821811036,0.02564610556643871,0.015603860372388263,0.028078799157359405,0.018832658387070312,0.025288275792467313,0.013244507267072703,0.04157643458821581,0.05192882767153051,0.0356042394674693,0.034957065844164595,0.020748538094730942,0.029117754221377606,0.02431965957537656,0.04109562781918613,0.03412348094188346,0.004004721168657188,0.044589565068763395,0.0002995582669704164,0.0025335436558902823,0.034396182676371574,0.0213147060341916,0.04582260012950318,0.036168099120259214,0.019095359297237498,0.039301953236510465,0.055831041828015446,0.038816508672306925,0.0354952401006256,0.021121058473686567,0.02430235328472604,0.047511025300213935,0.039216745211387447,0.0027328215425467053,0.0392376785560727,0.008568648811658506,0.025910681309559022,0.019215852728541143,0.031723363152614294,0.03196449209595131,0.03228561037113114
0.020184890242714387,0.28913603068297333,0.008318791534020431,0.008772482352310595,0.03217645032735733,0.036557991001570034,0.00043556411803735706,0.0012377633139815103,0.005239525793528266,0.010656927567558094,0.0058368927849555274,0.008477178086211734,0.013760661439803035,0.014949649186337066,0.010208108468001964,0.04620788637492096,0.0022667796288607933,0.0017693010427054512,0.01199041888057989,0.0019066969586342686,0.0180850595125136,0.01747096697816558,0.024634397324167612,0.024093303041365755,0.021906696958634286,0.0671049564044384,0.03400168311696042,0.0395193953878907,0.019582410942655892,0.011760475509843105,0.017052217390458674,0.041632090590007664,0.28912781347603544,0.032295569570605864,0.05119997440065516,0.028024350184305324,0.024961261595885187,0.03944651981485964,0.017995506979731124,0.012694445041793956,0.0031004371988311297,0.007500018054190649,0.02726008318961215,0.004742843119377782,0.04037715029515354,0.04191013701786728,0.03862441158645569,0.024025534633330237,0.017738312498381592,0.00925715688062212,0.017077750185040763,0.009104811151992798,0.026027192399150745,0.02725715688062219,0.015733565775627845,0.015257156880622125,0.03274284311937781,0.011568437316650027,0.003257156880621892,0.016681527429266763,0.0052303929646069225,0.008952011048064756,0.023257156880622187,0.027726375032834594,0.003808516947502838,0.028297348520609222,0.02938132409151406,0.010625809224371952,0.07447553979692478,0.42000000243863334,0.020414838607038244,0.06244834290749579,0.0391359090532441,0.023019675249023874,0.047384140226436666,0.040587179354689695,0.05146565853863555,0.008302134109116954,0.006187571825169436,0.05017398468766071,0.003447088986428176,0.012736309099911969,0.05221143752374513,0.04049606695111768,0.012815125738813188,0.011952481726768216,0.008256573363256636,0.020156303416065113,0.08861005288317252,0.05281008151871527,0.018829311647829278,0.019120309980214967,0.0018700570132172412,0.005397372933247838,0.009722958359790465,0.020394959515477734,0.0008708566560625131,0.018797306923479723,0.04059055968507724,0.26984741526080225,0.050433222278677,0.05323315597517603,0.024206137009659012,0.011783891145413339,0.009111568684798566,0.009290613867191197,0.008128497285167957,0.0027988790019466414,0.013988885673112184,0.013952700955355002,0.01191422452178631,0.053447885122789474,0.02244549634290806,0.027557477951555873,0.01164025217878778,0.04686921319173379,0.01857148246302623,0.022369383220368744,0.04025889809077576,0.03229969378142525,0.018679037764992718,0.21741381738881832,0.2031792389681486,0.036146785928457575,0.027609376915057965,0.030754800456165854,0.0011037397316871478,0.021609337997682027,0.014045057121102655,0.012622820717639954,0.010527104585332708,0.1689309033568592,0.005329383192605397,0.011312164878821696,0.005019833099399684,0.025910894045296895,0.0023029385837924354,0.013902179076362126,0.020638567005999836,0.006950829670561126,0.1416625284837154,0.005063937720456019,0.006260343087019629,0.00057617086589834,0.026421604275646104,0.026564676940984633,0.004480622602948098,0.06912683926614338,0.018948779356811288,0.04694772700294668,0.0014939249791451198,0.13333222153792276,0.11429029468527101,0.0052663598260217215,0.010247308218609058,0.013181058547251406,0.011957038323564498,0.0034048947628693427,0.03823427997501025,0.062152295275219246,0.006370203626580639,0.01416735653947955,0.016708065737935443,0.017876058686243756,0.028029228252601908,0.043612794263797015,0.028665130893425483,0.02098640342573037,0.1263510522720569,0.0030902106582524624,0.05876200771733181,0.006059631464139292,0.00021253689957510813,0.006187228983396256,0.03077490668452995,0.01095748203640376,0.028494694621911232,0.024307589559684706,0.0037518910973478314,0.0029232946990458697,0.021808228071290764,0.0019749277650987496,0.011101839765360375,0.02420587138568909,0.022337528718614552,0.030375274836847307,0.05795879251888185,0.025827284974166517,0.051416729232541473,0.04856298849780849,0.04827980674879065,0.06320761883602935,0.02841060330680404,0.004643526277632953,0.013935906631858813,0.03885481170132363,0.015355188149608581,0.008805274062454238,0.04660426092483895,0.012252065511719944,0.013950802042836136,0.06855464335105454,0.011134682057716394,0.02521527242336588,0.03233373530197918,0.0104718227960542,0.06315325887830195,0.0007090680236779071,0.031214051378152932,0.04448095276558497,0.04923130937146297,0.04038024623955365,0.020236396011105592,0.028961894406487124,0.047137005909194396,0.025492362170425498,0.005038387623695073,0.006894850625092874,0.02695461312871289,0.042422659394694105,0.027689599966832498,0.045645252885923644,0.03795926370093585,0.0745326008348373,0.02484336057119224,0.010191293055096848,0.03761895345851622,0.013815600442333898,0.03445659235510653,0.0029995598856758787,0.025531187601687304,0.031339736144801955,0.007687157305108716,0.057703367853456325,0.03907197028767598,0.0046581296737358835,0.004342353609131724,0.009054087210531366,0.015980291483920064,0.03300499971541237,0.02400734578236724,0.05381600298307869,0.06858409284399405,0.010502606166599732,0.0025134438012518745,0.023300683276520046,0.037246372112155764,0.07192161213034805,0.026375746818757862,0.032684270426535184,0.015548438889175939,0.018708881458287325,0.04164543817083734,0.0025340163412918004,0.07677776429654155,0.01757629473371808,0.028538561686774627,0.05321343860113556,0.001358984835885875,0.05417326704169143,0.003004805667617967,0.04427096443745687,0.023877333641077882,0.034158078280956586,0.010396762780385385,0.038222332174424986,0.014838242738721481,0.049411856222176614,0.04315986664309978,0.03296355229256666,0.010006836645389608,0.04182375236125757,0.044476115336780836,0.04891382734791726,0.027763676308506745,0.06148704811877589,0.06960143472943639,0.02258429158113444,0.0190250993623651,0.05230861206006723,0.0017691256140509454,0.028032712851920716,0.010870742232950233,0.08840238013277293,0.03904080931237422,0.014670709439429913,0.0023379849460960084,0.03647066099284904,0.0038050023402443275,0.030261226780480842,0.009193758040513665,0.03332617436221155,0.03784756482780375,0.023226721357282033,0.022534609746345285,0.03819590432301569,0.008986182735756652,0.0421577072214462,0.021490650543663295,0.02043673133790066,0.049566056170352826,0.024316226120861234,0.02791968420266593,0.002701997685646322,0.026541121800110094,0.023278485116531196,0.03702130080244973,0.029825114044838973,0.04210264305150492,0.00954012224611326,0.024610938887906768,0.030040544852826895,0.052419987042298596,0.00327067163724655,0.04569548600357555,0.02258766034988014,0.04205993963206542,0.01204760988492766,0.008029195669067284,0.022445635960966936,0.0408383533020765,0.04354725963670013,0.04577193564367968,0.05186601105951334,0.011392484573523196,0.02291129421110516,0.04478274953824049,0.01043414966323318,0.0327056698051849,0.013561609118776685,0.041961292138244635,0.0018181693543849256,0.011313691275316538,0.02691495963163637,0.03401943890160424,0.02162487498956947,0.037161615469208945,0.050076510507580656,0.02068113112989979,0.034724723241057784,0.041569918234283666,0.009265860965906085,0.04401133395852322,0.045122555899158756,0.0037089552292339234,0.01585983655638027,0.05339275725112884,0.025692369382776914,0.03297383894045877,0.05482497243653983,0.000525940900379239,0.028280084821811036,0.012976422308520162,0.01288010376727849,0.028078799157359405,0.018832658387070312,0.025288275792467313,0.006803283434544522,0.04157643458821581,0.05192882767153051,0.0356042394674693,0.034957065844164595,0.020748538094730942,0.029117754221377606,0.02662062598126702,0.04109562781918613,0.03412348094188346,0.004630307655989152,0.044589565068763395,0.007662971007034267,0.013059859445363965,0.034396182676371574,0.0213147060341916,0.04582260012950318,0.036168099120259214,0.022909621320454744,0.039301953236510465,0.029885095882069505,0.038816508672306925,0.0354952401006256,0.023270379740654896,0.02430235328472604,0.047511025300213935,0.039216745211387447,0.004950116442768444,0.0392376785560727,0.006129624421414608,0.025910681309559022,0.019215852728541143,0.025534002162316532,0.03196449209595131,0.03228561037113114
0.0106848902427146,0.28913603068297333,0.010787689828236191,0.01710581568564401,0.014269077721210777,0.01889132433490337,0.001958585793040535,0.002428903352685141,0.011572859126861734,0.008323594234224962,0.011723598367084975,0.009143844752878105,0.005760661439803028,0.02194964918633696,0.0015414418013355857,0.04170788637492098,0.006600112962194038,0.006435967709372048,0.015021959645247718,0.010573363625300758,0.0064183928458467765,0.016137633644832117,0.02648652843494359,0.026093303041365812,0.015573363625301151,0.0671049564044384,0.03400168311696042,0.03080415841178416,0.00830670217283111,0.003914155163522767,0.006070588254093734,0.023583540779162776,0.28912781347603544,0.018340112959472576,0.041199974400654815,0.030402059458565833,0.006627928262551985,0.044779853148193105,0.000865276468196674,0.005694445041794005,0.0018995628011690968,0.018675587676159955,0.021260083189612144,0.0014095097860444827,0.03404381696182046,0.020910137017867148,0.037291078253121945,0.01802553463333023,0.009925215239845964,0.021923823547288723,0.004411083518373993,0.017771477818659398,0.02269385906581739,0.01692382354728894,0.002733565775628055,0.011923823547288881,0.026409509786044727,0.003741377246895994,0.0019238235472887055,0.026014860762600345,0.014102940368726613,0.014952011048064706,0.033590490213955715,0.016393041699501287,0.004191483052497391,0.03818526170687325,0.016047990758180974,0.015625809224372178,0.05500863353756569,0.42000000243863334,0.0277167857929545,0.04657532703448003,0.03454360371596482,0.03285661250531596,0.0346641911062332,0.032884924899188483,0.0530347255041721,0.0053691934733314794,0.010965751253365408,0.03455064999595825,0.002203116482067863,0.0037862205426691387,0.043857629169936796,0.020039733355523615,0.026009570183257696,0.01654576379880396,0.0030445100227616817,0.03434091692347779,0.08861005288317252,0.05281008151871527,0.018829311647829278,0.017996714474596998,0.008110955702628514,0.01126929373341884,0.009722958359790465,0.005162739953057521,0.001495090028552734,0.004060464818216564,0.01706114792037139,0.26984741526080225,0.030539323074432967,0.03767386245120635,0.01693194020222316,0.003745063885321087,0.005477127397545523,0.007509101511660718,0.00700636168393981,0.02070539450232689,0.012959258995817124,0.00552677502942911,0.0008565322140940967,0.053447885122789474,0.022073195523846262,0.02747266030948635,0.007154208758318126,0.04020482494839818,0.004448753176362563,0.02127840328660685,0.04284915225946607,0.03229969378142525,0.021491391288246717,0.21741381738881832,0.2031792389681486,0.0473581613728109,0.030647555990573352,0.03176294737314361,8.878101121635729e-05,0.041469280118874075,0.005624073741031771,0.02045981131325114,0.015911976851153337,0.1689309033568592,0.026236881867635564,0.014342467909124718,0.005019833099399684,0.01824779742660987,0.00465047470034044,0.010330750504933539,0.015984777770078035,0.01288856570024663,0.1416625284837154,0.0024490798843047334,0.0012299941114343321,0.005963199626982552,0.01964504749908924,0.01670843133173236,0.006433653184313104,0.06231594183024594,0.019533311730912002,0.04694772700294668,0.002395444078763284,0.13333222153792276,0.11429029468527101,0.0005387957234575247,0.014976185898306377,0.01727144716865936,0.011341396782620819,0.007576755479232644,0.034678092208296124,0.04685438867296483,0.02772070546432845,0.01958741074002157,0.021899322568536564,0.013877176653263795,0.015424186235795188,0.01521073514796769,0.010732641441948687,0.023233297425201693,0.1263510522720569,0.0015526007191418029,0.04428324323856736,0.018234138422220048,0.007294603043305356,0.00924473064814027,0.03518064970013146,0.013066705614103002,0.013497954782745847,0.020850372619321655,0.0037518910973478314,0.009282160084280483,0.01960364253337195,0.002879905140664371,0.011094520674976724,0.008076839127624573,0.022337528718614552,0.013426122294474426,0.05795879251888185,0.020411547478148676,0.051416729232541473,0.03570715746015926,0.04827980674879065,0.04497400060241111,0.021425309189156985,0.009721986663815144,0.01580889463302948,0.035066932913444884,0.015355188149608581,0.005628780117645817,0.052660462475226544,0.01813808232891085,0.021763483671449577,0.05090758452752513,0.00770218777854019,0.032227138658533085,0.024711172516133084,0.03259443702393158,0.06315325887830195,0.012977299086068178,0.03659852143294229,0.04448095276558497,0.046503540686247485,0.04038024623955365,0.0055309974520372784,0.011015274097662092,0.047137005909194396,0.017329847233390844,0.0004821072053456943,0.001625943602025337,0.02695461312871289,0.042422659394694105,0.02768959996683247,0.045645252885923644,0.03795926370093585,0.0745326008348373,0.02341397234935117,0.005936322103456251,0.03761895345851622,0.007557433878823823,0.03445659235510653,0.009091478521151997,0.05780214573164602,0.017304648425503708,0.006598556980605574,0.03659947174956023,0.0405501668878238,0.0046581296737358835,0.0009695430614332923,0.010632773176190505,0.0027668782038845208,0.008762575472988123,0.02400734578236724,0.05381600298307869,0.06858409284399405,0.015474357579029138,0.0029193291386440667,0.012507878479717918,0.022548154661931608,0.07192161213034805,0.03183184230042879,0.021012865368926326,0.020613798366300125,0.00660248485739099,0.04164543817083734,0.005554218952825832,0.07677776429654155,0.01168006831862374,0.015730212540664576,0.04580280215824106,0.004593396116495077,0.05417326704169143,0.001440083050263781,0.039918933489681244,0.023877333641077882,0.034158078280956586,0.02633130197073852,0.038222332174424986,0.01869759093769233,0.049411856222176614,0.04315986664309978,0.018977538306552674,0.0007587135938448425,0.04182375236125757,0.026215245771563436,0.04891382734791726,0.027763676308506745,0.06148704811877589,0.06302248736101532,0.01686701110088286,0.0027748809454508916,0.05230861206006723,0.006261672071065427,0.028032712851920716,0.010870742232950233,0.08840238013277293,0.055630671063526274,0.008808150945292484,0.005427503753541743,0.03647066099284904,0.01152105172296037,0.030261226780480842,0.018836353156329595,0.10383899487503208,0.03784756482780375,0.023226721357282033,0.022534609746345285,0.03819590432301569,0.008398466015215954,0.0421577072214462,0.007504636557649311,0.004881175782345107,0.049566056170352826,0.024316226120861234,0.02791968420266593,0.004304561788210429,0.026541121800110094,0.023278485116531196,0.03702130080244973,0.02039589604131873,0.04210264305150492,0.011206788912779916,0.024610938887906768,0.028779283591565633,0.0480668726450129,0.006599523823406214,0.04569548600357555,0.02258766034988014,0.04205993963206542,0.0021224306009022947,0.007451767847544984,0.022445635960966936,0.03608472362100043,0.04354725963670013,0.04577193564367968,0.05186601105951334,0.001278080728621081,0.04247332117351023,0.04478274953824049,0.004787837651777399,0.0327056698051849,0.01243721569943712,0.041961292138244635,0.007431474967690539,0.011504058684416101,0.02691495963163637,0.015222446420401235,0.02162487498956947,0.037161615469208945,0.028132936839869054,0.037495895313085045,0.01805805657439112,0.041569918234283666,6.672676677188516e-05,0.04401133395852322,0.045122555899158756,0.06629104477076607,7.288012690946644e-06,0.05339275725112884,0.025692369382776914,0.03297383894045877,0.05482497243653983,0.007939667565229225,0.028280084821811036,0.0043225761546739905,0.007177794520851873,0.028078799157359405,0.0047481513448167905,0.025288275792467313,0.00309957973084082,0.04157643458821581,0.05192882767153051,0.0356042394674693,0.034957065844164595,0.027365576969834333,0.029117754221377606,0.020297864038272273,0.018368355091913403,0.03412348094188346,0.004630307655989152,0.044589565068763395,0.0008490088164209778,0.006237247359593984,0.034396182676371574,0.0213147060341916,0.04582260012950318,0.036168099120259214,0.016321617387318063,0.039301953236510465,0.02234266973499219,0.014754919899121637,0.01644762105300656,0.0008857643560395076,0.02430235328472604,0.047511025300213935,0.039216745211387447,0.0007985855657575529,0.0392376785560727,0.00018763907563522017,0.025910681309559022,0.019215852728541143,0.027941430799253368,0.03196449209595131,0.03228561037113114
0.01268489024271477,0.28913603068297333,0.00943177269477824,0.011629625209453653,0.0080075953166453,0.017700848144427184,0.0031205464199940414,0.000762236686018658,0.010382382936385548,0.0004859295752986381,0.010553403545460638,0.005334320943354343,0.0014749471540885795,0.02194964918633696,0.013220462960569113,0.04037455304158763,0.01683820820028925,0.009769301042705292,0.011168136952615537,0.013906696958634113,0.01237077379822804,0.008042395549594128,0.02323967887680095,0.02609330304136598,0.009620982672920164,0.0671049564044384,0.03400168311696042,0.027690750886611923,0.0026243872851661187,0.0038176486975895485,0.003682823490091358,0.017331092952832527,0.28912781347603544,0.006015779320947989,0.026199974400655135,0.018469073841370198,0.0021041187387424998,0.042875091243431196,0.00839445654408888,0.006408730756079728,0.006899562801168879,0.031286589464175285,0.028402940332469262,0.0024000140234787803,0.018091436009439132,0.024481565589295595,0.030624411586455125,0.020882677490473123,0.004826936924948899,0.013828585452050679,0.0032079641006735327,0.013961954009136024,0.023170049542007853,0.0004571288336634449,0.00916213720419945,0.009542871166336508,0.019028557405092572,0.00027960722883457745,0.016685728309193792,0.019824384572124043,0.017912464178250098,0.0020948681909218614,0.029542871166336637,0.005440660747120685,0.0070486259096400605,0.03871979687090221,0.02080989552008572,0.0006258092243727198,0.037865196734968964,0.42000000243863334,0.03677475680744724,0.021575327034479952,0.03164461985463779,0.024975890240258314,0.03642112334975922,0.019782292541897728,0.03181489809766025,0.0011666118468140474,0.010965751253365408,0.02640845426395888,0.0015730485443076203,0.0005183330859714341,0.03843804875035639,0.015222918292029652,0.031047303002782356,0.016969368823636144,0.002740198226735213,0.03082758655388751,0.08861005288317252,0.05281008151871527,0.028299573130013245,0.00706554038552816,0.018802990270860562,0.0012877838921519363,0.022695931332763437,0.009942871855945362,0.002152235886070067,0.0004922221777170221,0.019695037297017548,0.26984741526080225,0.02449990794410875,0.0312283925911023,0.021561698952746122,0.00896936820705141,0.011442598928192577,2.777944294175827e-05,0.008406921908029275,0.01776421803173861,0.007835610588879272,0.0025566895593436556,0.0029741129471962946,0.053447885122789474,0.009670689450454115,0.025250438087264168,0.0008972121167060698,0.023636341885069745,0.0005962164290889693,0.019413718195738283,0.023731160235070103,0.03229969378142525,0.01739919311165409,0.21741381738881832,0.2031792389681486,0.049773620310008954,0.023449079579686435,0.021973874195204107,0.003460542161812352,0.03697469196991057,0.002490468911412802,0.0230654858934482,0.009537932487051343,0.1689309033568592,0.025367316650244304,0.012198689701516746,0.0027347569336713673,0.015951889945706885,0.0070695518353266484,0.01337724469316004,0.011618125244441363,0.0013102172612138169,0.1416625284837154,0.009986406741653325,0.009304005886034833,0.009651849226551351,0.015903429488329734,0.008800382646427074,0.01045536499333613,0.03098088954547301,0.017449978397578662,0.04694772700294668,0.0003117810519130265,0.13333222153792276,0.11429029468527101,0.0036091801307819305,0.003524154783353911,0.01027927801471662,0.012265803086379715,0.0046873503499606645,0.026631409161612968,0.05110454046410023,0.04170671945034243,0.017435330395688717,0.020437669467539207,0.02068566242265188,0.06771176793514158,0.004006253355250601,0.017489398198705444,0.009617269415086921,0.1263510522720569,0.002244614070928852,0.04282794178326588,0.018234138422220048,0.005519350069756623,0.005832807576343288,0.04294352902264381,0.012376754781473015,0.002513057316073264,0.020230025224780707,0.0018348129475059954,0.009808249328146779,0.016767473030535773,0.0029178558048009867,0.010700509642667819,0.011047976648846984,0.022337528718614552,0.0001590763081908593,0.05795879251888185,0.006471320027718608,0.051416729232541473,0.033404336504488555,0.04827980674879065,0.040059470687881196,0.014895979580218432,0.010681949801230661,0.022953786911724172,0.035066932913444884,0.009802315141399981,0.004888313623754671,0.044743795808559875,0.020051957926996974,0.009858721766687673,0.03090758452752513,0.009254982809596093,0.0224374946455881,0.02275984101934704,0.018756423185917748,0.06315325887830195,0.008554065469492701,0.032087344487076425,0.04448095276558497,0.04153900167915531,0.04038024623955365,0.00365421541139771,0.004811980184871029,0.047137005909194396,0.01715507376669191,0.004322765059933148,0.0016590636249905616,0.02695461312871289,0.042422659394694105,0.018993947792919443,0.045645252885923644,0.03795926370093585,0.0745326008348373,0.013074526387587618,0.012246552732689167,0.03761895345851622,0.002416446186036786,0.03445659235510653,0.015541109970783451,0.04589738382688412,0.0008441719011750559,0.02001208727709751,0.03659947174956023,0.033206867648379795,0.0037014970206746614,0.001016483820859157,0.00947121735513648,0.005033503025169875,0.0009194382180861618,0.02400734578236724,0.035509366827472286,0.06858409284399405,0.022444054548726097,0.010917511369955127,0.016718404795507402,0.018968469375929678,0.07192161213034805,0.0009767741038793978,0.021012865368926326,0.028153480905982665,0.011213100288003583,0.04164543817083734,0.00031228346895486453,0.03026613638956481,0.01168006831862374,0.004641502863245217,0.02047747683291573,0.010004651527750485,0.05417326704169143,0.01577668769014657,0.03378145394794638,0.023877333641077882,0.034158078280956586,0.028915281298903875,0.028699107794970563,0.0018512297517085038,0.049411856222176614,0.04315986664309978,0.013483032812047172,0.011059468224336969,0.04182375236125757,0.015395573640415897,0.04891382734791726,0.027763676308506745,0.06148704811877589,0.06302248736101532,0.015576910473033875,0.004395020526707108,0.05230861206006723,0.007992216174490904,0.028032712851920716,0.02912925776704977,0.08840238013277293,0.04317645860931382,0.004287025326932245,0.01190794045873525,0.03647066099284904,0.004243598831472399,0.030261226780480842,0.013188384104105243,0.06763989985240763,0.03784756482780375,0.023226721357282033,0.022534609746345285,0.03819590432301569,0.007264518460290366,0.10069943563569665,0.002010131063143808,0.0052942628141461195,0.049566056170352826,0.024316226120861234,0.02791968420266593,0.00535351283716148,0.026541121800110094,0.023278485116531196,0.03702130080244973,0.03191256735180447,0.04210264305150492,0.0013962735136040724,0.026372191334090724,0.026355041167323207,0.04853696313743268,0.004484116607517158,0.04569548600357555,0.02258766034988014,0.04205993963206542,0.010280938759410455,0.0005578284536056008,0.022445635960966936,0.021661646697923503,0.04354725963670013,0.04577193564367968,0.05186601105951334,0.0003701643751214123,0.07523685393704298,0.04478274953824049,0.012458292197231942,0.0327056698051849,0.017686895597004343,0.041961292138244635,0.0067955449199957885,0.012053609884269553,0.02691495963163637,0.008045412927578273,0.011624874989569468,0.037161615469208945,0.014722975154045297,0.02034526010437361,0.009724723241057782,0.041569918234283666,6.672676677188516e-05,0.04401133395852322,0.031233667010269868,0.01829104477076607,0.007075740393643323,0.05339275725112884,0.025692369382776914,0.03297383894045877,0.05482497243653983,0.00696716473290742,0.028280084821811036,0.0015984764769049614,0.006264779912618139,0.028078799157359405,0.006332658387070311,0.025288275792467313,0.0010162463975074872,0.017247094823548893,0.05192882767153051,0.0356042394674693,0.034957065844164595,0.01133993594419331,0.029117754221377606,0.015251491970623587,0.021487784681931233,0.03412348094188346,0.007946048793885122,0.044589565068763395,0.004267812235224391,0.013225367555261363,0.034396182676371574,0.0213147060341916,0.04582260012950318,0.036168099120259214,0.01839573243156585,0.039301953236510465,0.01664736835862769,0.014754919899121637,0.017146616247414596,0.008210126054919394,0.02430235328472604,0.047511025300213935,0.039216745211387447,0.009929791239516421,0.0392376785560727,0.00018763907563522017,0.025910681309559022,0.019215852728541143,0.01839803302056147,0.03196449209595131,0.03228561037113114
0.006970604528429097,0.28913603068297333,0.008436471820218672,0.006272482352310926,0.012734523672283782,0.019307991001570046,0.0015296966614771201,0.004512236686018523,0.005739525793528266,0.0020930724324415007,0.008385863625300971,2.2821913788495518e-05,0.00826066143980303,0.02194964918633696,0.010541891531997749,0.04227931494634954,0.019516779628860725,0.004769301042705287,0.013518169316584838,0.018906696958634117,0.00808505951251337,0.01322096697816555,0.030044563762322674,0.02109330304136592,0.01890669695863445,0.0671049564044384,0.03400168311696042,0.025117221474847212,0.008044441485708154,0.0021680697743146904,0.00019131180185834318,0.011783728981827307,0.28912781347603544,0.004462501905601601,0.025485688686369468,0.007647345982203402,0.006211261595885698,0.04394651981485975,0.0010706974759185917,0.013194445041794012,0.008149562801168853,0.0315168485824362,0.015010083189612111,0.0015071568806221958,0.009877150295153458,0.013410137017866863,0.033124411586455516,0.023025534633330236,0.0036498368714443785,0.027757156880622302,0.0039222498149592,0.003604811151992404,0.02102719239915074,0.0040071568806222535,0.0002335657756279974,0.01900715688062221,0.008492843119378368,0.006777575808386338,0.015257156880622347,0.012681527429266815,0.01326960703539315,0.010047988951935316,0.03275715688062236,0.0009763750328348753,0.007941483052497977,0.034787462097596866,0.018131324091514522,0.001875809224372471,0.015427920749305823,0.42000000243863334,0.059351118029226824,0.02483619659969738,0.02388256766534097,0.025505284877490653,0.041868307744312105,0.025225372528621837,0.04047070796613006,0.011414065019811126,0.0013811752472963623,0.030113617842989382,0.0012271272331499383,0.001281286208005994,0.031063016375323993,0.021285218471976453,0.026505601929289385,0.0012947985478389268,0.0023378709179954216,0.035203905275019376,0.08861005288317252,0.05281008151871527,0.024474436517991527,0.006964686004846121,0.021079592417084597,0.002497363908857436,0.02972295835979047,0.013329022661168782,0.0015904064193975748,0.0044284995281331785,0.027687333878625653,0.26984741526080225,0.018467453338329665,0.03460877832442916,0.03178342535073786,0.003090398845363551,0.018518291658816466,0.000840114314190607,0.005358285667538293,0.006155129952062244,0.006064395465157302,0.00029092597282531774,0.0025891718431849675,0.053447885122789474,0.011507236741546856,0.01100875114484734,0.0008972121167060698,0.013019323882300066,0.0017598397731633797,0.012547021673869299,0.010095617522409818,0.03229969378142525,0.011768422606954876,0.21741381738881832,0.2031792389681486,0.04081304683330644,0.008856727487334362,0.017393584616052726,0.006950042035304832,0.042183748783356845,0.008896180363415024,0.024747975978774456,0.01782877130411681,0.1689309033568592,0.025942764220576786,0.006617329198070482,0.011973463514750038,0.007943460019468718,0.009698551623417373,0.004378369552552608,0.003844927729139136,0.01524210580610555,0.1416625284837154,0.010909128771641824,0.01054293560150496,0.003969406718114021,0.01099460703046698,0.01923522178953488,0.01604233011074971,0.015721988519874747,0.016142056125530824,0.04694772700294668,0.005470304207306292,0.13333222153792276,0.11429029468527101,0.00039661795221657137,0.007411475726961048,0.022911818759707187,0.013318621918041215,0.0037406700986446495,0.022108636525067893,0.05611364793222408,0.04170671945034243,0.02244158821796656,0.015473497836700906,0.020946486627138022,0.05660065682403049,0.001946127597130351,0.02339930810861536,0.01585819829752523,0.1263510522720569,0.010230259086407012,0.040904864860189016,0.018234138422220048,0.008152192711872161,0.014542894481918922,0.03918507249545766,0.011331562422122216,0.024702979796693253,0.020230025224780707,0.0018721458826213427,0.009072041717600593,0.01379073535992055,0.00043646622663721935,0.012292599470051804,0.0019836491634668656,0.022337528718614552,0.004734249195821667,0.05795879251888185,0.0007467047968901241,0.051416729232541473,0.03032291859574418,0.04827980674879065,0.032630530119405754,0.008303271274465042,0.015694044801963694,0.019977242084959046,0.03782175385008393,0.012478497121774637,0.01750092623636728,0.04649136862409386,0.016245419637700063,0.002746320250119047,0.022336155956096553,0.026845601146483086,0.03004619029776201,0.019104870259113116,0.016110920540415116,0.06315325887830195,0.020233900577702933,0.029897106689829867,0.04448095276558497,0.023908147684664982,0.04038024623955365,0.0008891493829339542,0.005417423672225516,0.047137005909194396,0.012171207108246082,0.010460161773159393,0.003735188192464628,0.02695461312871289,0.042422659394694105,0.01297098524821777,0.045645252885923644,0.03795926370093585,0.0745326008348373,0.016629711833747375,0.007525641874594244,0.03761895345851622,0.004642791269524726,0.03445659235510653,0.019632019061692544,0.04113547906497936,0.00675550195043614,0.008179768142547145,0.034976095126183604,0.03474296595867166,0.0014724500620853995,0.001016483820859157,0.00686575829806451,0.009704721135123162,0.010285043574630927,0.02400734578236724,0.017518362329721163,0.06858409284399405,0.03880769091236247,0.01414991456277788,0.02267260326878981,0.012913469796415764,0.07192161213034805,0.01529091984790884,0.016934496716387346,0.015935435793200656,0.011101054573352007,0.04164543817083734,0.004417855316462195,0.03329950342697634,0.01168006831862374,0.004641502863245217,0.010847847203286104,0.010895917124898437,0.05417326704169143,0.01577668769014657,0.02526947412449115,0.023877333641077882,0.034158078280956586,0.028915281298903875,0.024576389076427084,0.0100535321530534,0.049411856222176614,0.04315986664309978,0.000877990795240452,0.02034518251005127,0.04182375236125757,0.019355342389920926,0.04891382734791726,0.027763676308506745,0.06148704811877589,0.06302248736101532,0.014336113053892513,0.0008570803136290217,0.05230861206006723,0.0008771182762389029,0.027522842703634837,0.02484354348133548,0.08840238013277293,0.03479381561128621,0.005330050098770578,0.009864799221953754,0.03647066099284904,0.006386123284197132,0.030261226780480842,0.013258993106753082,0.04999284102887823,0.03784756482780375,0.0053695785001391765,0.006909609746345288,0.03819590432301569,0.014553521017835122,0.06895340388966491,0.00045292312404830726,0.027426516525347208,0.049566056170352826,0.024316226120861234,0.02791968420266593,0.007406298760915142,0.026541121800110094,0.023278485116531196,0.03702130080244973,0.023113070180214274,0.04210264305150492,0.005616617565798981,0.02746808174504963,0.02518954000182204,0.045595466242346075,0.006771947525917851,0.04569548600357555,0.02258766034988014,0.04205993963206542,0.01426817958875655,0.002945468767308196,0.022445635960966936,0.06442480459266034,0.04354725963670013,0.04577193564367968,0.05186601105951334,0.002961582412122757,0.06994584864603769,0.04478274953824049,0.013878746742686486,0.0327056698051849,0.016051493961602707,0.041961292138244635,0.011889541281426962,0.006649689752377258,0.008223370846589653,0.0010524059345712808,0.00733916070385518,0.006316645400356272,0.011798998545858162,0.020884053207821884,0.005095093611428139,0.041569918234283666,0.005885654185609067,0.04401133395852322,0.017725295625186155,0.023810424615727313,0.00791116228169679,0.05339275725112884,0.036807630617223086,0.03297383894045877,0.05482497243653983,0.00014745977302144803,0.028280084821811036,0.005654488065509496,0.00857959472743296,0.028078799157359405,0.0080799702150273,0.025288275792467313,0.005843509700053488,0.01397912096733974,0.05192882767153051,0.0356042394674693,0.034957065844164595,0.016642966247223626,0.029117754221377606,0.009330746049877658,0.007762294485852805,0.03412348094188346,0.0054031371600644085,0.044589565068763395,0.0104643934318056,0.01389294775272457,0.034396182676371574,0.0213147060341916,0.04582260012950318,0.036168099120259214,0.020131843542676962,0.039301953236510465,0.014292580289553897,0.014754919899121637,0.008709525814911318,0.014173059173372256,0.02430235328472604,0.047511025300213935,0.039216745211387447,0.00557896251023466,0.0392376785560727,0.0032199111137552056,0.025910681309559022,0.019215852728541143,0.021725424583247156,0.03196449209595131,0.03228561037113114
0.010184890242714767,0.28913603068297333,0.01002222748898296,0.005439149018977518,0.012825276151156473,0.019307991001570046,0.0014859947335977841,0.005206681130463131,0.006572859126861563,0.017787516876885956,0.012478125530062834,0.006411710802677384,0.0035384392175809576,0.02694964918633691,0.011791891531997778,0.03870788637492098,0.01271122407330516,0.0008804121538164011,0.006121358788961695,0.018351141403078586,0.006973948401402086,0.026137633644832237,0.029461554365493248,0.008315525263588142,0.01390669695863439,0.0671049564044384,0.03400168311696042,0.03342766103528672,0.013386509294875448,0.0025922108885583217,0.001811439752948396,0.009693421151338255,0.28912781347603544,0.008700282005450755,0.018699974400655517,0.014459306227677549,0.002816516181891937,0.03255763092597086,0.0015963740579331698,0.015138889486238483,0.008010673912280053,0.01284424796324124,0.011260083189612136,0.004742843119377893,0.006821594739597925,0.010354581462311385,0.026179967142011096,0.020247756855552468,0.004673902411639008,0.01636826799173341,0.0033666942594036686,0.0022159222631037423,0.019360525732484035,0.0008127124361778093,0.0055113435534057675,0.023034934658399953,0.011409509786045047,0.0077897979619833135,0.017479379102844472,0.011570416318155696,0.024102940368726955,0.00949243339637973,0.02303493465840012,0.001384736078276494,0.013080371941386781,0.036884735641988964,0.011603546313736834,0.0027075241089609126,0.021359611194614936,0.42000000243863334,0.061017181049871416,0.02483619659969738,0.031095169305187242,0.0492373877338077,0.03374827243981077,0.02491797973185972,0.03386125743836049,0.019565184181410233,0.00012796159204625512,0.027495830180336245,0.009282605881517053,0.005129476852313408,0.02232796123308306,0.03227949542370018,0.02585029393453192,0.008447492643208099,0.009912071983674664,0.0297058529656149,0.08861005288317252,0.05281008151871527,0.02200721709321321,0.009182124808943523,0.026066912789020354,0.004162805032013259,0.02972295835979047,0.011768535903831631,0.003807815660321623,0.011650454270550128,0.03160179564013346,0.26984741526080225,0.0048982974334073615,0.03094753619513796,0.03203148937282624,0.013518392777560506,0.01914796120339582,0.0005949787235669524,0.002797559884687828,0.0012990018082627008,0.00731337727346576,0.003557383386412455,0.013025046733274148,0.053447885122789474,0.011444149239181078,0.01550957901733166,0.0059381276098803976,0.008760725569516098,0.0010930415185644582,0.013382144556236292,0.007468405133029286,0.03229969378142525,0.007158835912464592,0.21741381738881832,0.2031792389681486,0.04011178456121667,0.0011110495983444602,0.018229657508621433,0.0028420608146475373,0.0337813733749707,0.0073138414308729915,0.02326752113264724,0.01608445787824017,0.1689309033568592,0.00555506368581743,0.002440175018238594,0.011973463514750038,0.003088144035391177,0.0076301258631311375,0.004449880848731547,0.0052845475386348595,0.01966315843768454,0.1416625284837154,0.007427822332279843,0.01122599571079455,0.004571299887108721,0.007181408197214689,0.012984686640977627,0.008071145201539509,0.017787553551857682,0.020317724686377575,0.04694772700294668,0.006837094182198952,0.13333222153792276,0.11429029468527101,0.005266359826021555,0.0035615826394622407,0.02429073786686403,0.019325350830009427,0.00839198763923557,0.026956084486288334,0.059200067685310505,0.05612979637341936,0.0235468659189889,0.014773149291145704,0.014530621943556837,0.043557178563160916,0.001946127597130351,0.03774413569482225,0.017974873568562907,0.1263510522720569,0.00605964297266294,0.05264519635190168,0.011201548370762038,0.006400148660478874,0.013392616188783485,0.02875598745758065,0.004757533702639871,0.020629946088828094,0.020230025224780707,0.0041306789761357265,0.001345652147772644,0.004958824653038624,0.0051199746001825,0.015757226876506922,0.004003851183668888,0.022337528718614552,0.00228538719639787,0.05795879251888185,0.002820611282561322,0.051416729232541473,0.028442200195201994,0.04827980674879065,0.01963463408657401,0.0029346452887420438,0.013746227243001341,0.0010027881789983206,0.034188584209009165,0.012478497121774637,0.013334259569700614,0.032016523081287135,0.016245419637700063,0.008938270714515334,0.027830661450602055,0.01883686434269713,0.03199034017404338,0.019104870259113116,0.020544418077360932,0.06315325887830195,0.018843783049584638,0.02463124488659328,0.04448095276558497,0.04456930470945836,0.04038024623955365,0.009977244822004322,0.004521767604155638,0.047137005909194396,0.017145754970680396,0.00853185768458549,0.009388358551517303,0.02695461312871289,0.042422659394694105,0.007534561207142562,0.045645252885923644,0.01977744551911767,0.0745326008348373,0.015535184470563283,0.014681276937206042,0.03761895345851622,0.001991276118009578,0.03445659235510653,0.006153758192127323,0.03696881239831269,0.00675550195043614,0.0026180328811455794,0.03796652574819316,0.03623106119676689,0.000640272530878741,0.002890396282377028,0.005258410422059927,0.011696325755645887,0.025429242139654785,0.02400734578236724,0.0026068991423959104,0.06858409284399405,0.03161470845622209,0.03132891519528895,0.023385071462174112,0.0033826288003757504,0.07192161213034805,0.00899518157842974,0.010702120862064346,0.014739263544396836,0.008285164117012113,0.04164543817083734,0.00031228346895487147,0.03596143776592931,0.021548489371255322,0.0047711477391644275,0.015644595170765774,0.01399189235709658,0.05417326704169143,0.03108151946348329,0.019567407125203908,0.023877333641077882,0.034158078280956586,0.0323875035211261,0.02620310140519423,0.0035303749449646857,0.049411856222176614,0.04315986664309978,0.03729255662157098,0.00918446822433698,0.04182375236125757,0.01663541383879033,0.03278479508985274,0.027763676308506745,0.06148704811877589,0.05852548536234777,0.011617455294066506,0.0041411525632185225,0.05230861206006723,0.0011125605840443392,0.027522842703634837,0.0224625911003831,0.08840238013277293,0.03202818659147659,0.001218644263226834,0.0026094988504659217,0.03647066099284904,0.010918823478455714,0.030261226780480842,0.014328599820592147,0.036949362768008656,0.005589500311674718,0.005527606313034245,0.006909609746345288,0.03837134291950692,0.01283727387824702,0.05784229277855381,0.006918440365427617,0.015118824217654897,0.011104517708814363,0.024316226120861234,0.02791968420266593,0.008829448666038481,0.026541121800110094,0.023278485116531196,0.03702130080244973,0.023644024836686615,0.04210264305150492,0.0061641031059994356,0.02949339820074584,0.02518954000182204,0.04008273080260337,0.011059630645717772,0.04569548600357555,0.02258766034988014,0.04205993963206542,0.01785669633516803,0.0026852184538248627,0.022445635960966936,0.05916164669792351,0.04354725963670013,0.04577193564367968,0.05186601105951334,0.0021293266787863335,0.05208870578889484,0.04478274953824049,0.029274302739476926,0.0327056698051849,0.019479469220563886,0.041961292138244635,0.010588837938137634,0.006883072874109893,0.008223370846589653,0.02710699650529088,0.00103663969545182,0.0038282821358756117,0.011798998545858162,0.00942571987448855,0.0008449418202927453,0.041569918234283666,0.004869394023007435,0.04401133395852322,0.017725295625186155,0.0214790146955781,0.01280997125876425,0.05339275725112884,0.02986318617277864,0.03297383894045877,0.05482497243653983,0.00014745977302144803,0.028280084821811036,0.0006570986420739722,0.00493744842600688,0.028078799157359405,0.009983100864946418,0.025288275792467313,0.011002984371723288,0.011055144359152606,0.05192882767153051,0.0356042394674693,0.034957065844164595,0.009493397389140013,0.029117754221377606,0.005462026909593021,0.003022019239637401,0.01031395713235965,0.011101142858070068,0.044589565068763395,0.001980230535878015,0.013317857381380496,0.034396182676371574,0.0213147060341916,0.04582260012950318,0.036168099120259214,0.00870427673536332,0.039301953236510465,0.02198488798186159,0.014754919899121637,0.008946567534253921,0.010803556032310008,0.02430235328472604,0.047511025300213935,0.039216745211387447,0.01223078626439205,0.0392376785560727,0.002130230390207207,0.025910681309559022,0.019215852728541143,0.019404922262744838,0.037342438597118,0.005012883098403871
0.01268489024271488,0.28913603068297333,0.006022740370191848,0.002772482352310812,0.010793893513547037,0.011669102112681184,0.0014514738830039842,0.0007622366860187135,0.009239525793528214,0.008343072432441478,0.011592647371857445,0.011522821913788506,0.0017606614398031906,0.02194964918633685,0.0067918915319977735,0.034818997486032094,0.0032667796288607387,0.005769301042705288,0.0018127457474080289,0.012906696958634167,0.004085059512513034,0.027470966978165534,0.026918713417535656,9.330304136589973e-05,0.011906696958634388,0.0671049564044384,0.03400168311696042,0.029827812607852097,0.012062351230022972,0.006164001973457928,0.0004940011836219865,0.010382090590007692,0.28912781347603544,0.0075172808224496235,0.016755529956211213,0.015151718965507266,0.01096126159588584,0.023446519814859734,0.011829192801390387,0.012694445041794011,0.0018995628011688748,0.017073571271512544,0.0032600831896121285,0.0027428431193778913,0.0006228497048465509,0.01591013701786692,0.02062441158645545,0.020247756855552468,0.019342477564085414,0.022257156880622242,0.005922249814959202,0.0031048111519930144,0.024027192399150687,0.007257156880622284,0.004733565775627946,0.021257156880622186,0.004742843119378337,0.009699011845307304,0.016257156880622237,0.005681527429266808,0.020769607035393545,0.00904798895193526,0.009257156880622341,0.004726375032834573,0.017191483052497847,0.02667717851372914,0.01438132409151438,0.008374190775627621,0.008700371282030328,0.42000000243863334,0.05035887383984006,0.015655561868139656,0.03291760429593904,0.04383741336921432,0.03128486133997033,0.0166928193144395,0.03646481389648226,0.011997672648730029,0.006434298293632623,0.017219418168669565,0.010999901350579544,0.01488739066794581,0.013122281072542652,0.02757000709114993,0.020294421805065854,0.0033684238973260006,0.00846087469200113,0.03770585296561463,0.08861005288317252,0.05281008151871527,0.014730744042503685,0.007185903663786242,0.024247505780934098,0.0015793712527986808,0.02972295835979047,0.016459817318662556,0.002605892583398564,0.016695650822999147,0.02711905709440371,0.26984741526080225,0.01614310476760017,0.02698008380715633,0.03227260470345583,0.014161402498995557,0.013063425300284454,0.004472892639724127,0.009729918627001316,0.01547526897931395,0.01264253087848155,0.002271732433257484,0.012454536488195833,0.053447885122789474,0.019131494685907233,0.018640751477577544,0.004071776262847701,0.0044905392341123285,0.0029691485963779796,0.012658429873512803,0.01380286459248875,0.03229969378142525,0.007158835912464592,0.21741381738881832,0.2031792389681486,0.03594434038630842,0.0002557801766754353,0.01698806080239093,0.01140554600886684,0.041000456865240564,0.018157275268396778,0.017357572305967878,0.014009103780827453,0.1689309033568592,0.01781582923605665,0.004477308805388908,0.011973463514750038,0.004693902617893958,0.005692141367007131,0.012209894869333993,0.0015512979187307652,0.0078010894721672885,0.1416625284837154,0.001135419037838814,0.01122599571079455,0.0006027755097256782,0.01293601428108379,0.007382445744619076,0.0153962398796339,0.018694928697037705,0.017888574888806727,0.04694772700294668,0.004000580515360369,0.13333222153792276,0.11429029468527101,0.007720675533642196,0.01056467948630907,0.014698091247733996,0.019680062039805088,0.008259310966978767,0.019019576549780426,0.04133823422064015,0.06307424081786381,0.026686918354815972,0.011775687058540069,0.02138324413936729,0.03993399015736381,0.011354729747667984,0.039200550344640206,0.011014893454220381,0.1263510522720569,0.006963597774922836,0.044692743648067745,0.01489393441608916,0.014493794145428687,0.009916157793758318,0.03412942645854125,0.013849192466504179,0.026626056719770336,0.00351215528110424,0.007379914450141842,0.008965368548950303,0.004904781609833292,0.006786813698480013,0.018142531103381,0.007111854291671993,0.022337528718614552,0.00433360817018064,0.05795879251888185,0.009451911017309328,0.051416729232541473,0.02459604634904812,0.04827980674879065,0.0068469103014077715,0.0019782831668521544,0.011629029037783567,0.0006508626552951813,0.03249776295297052,0.012478497121774637,0.008305523937516705,0.018536899256835715,0.012409158248799068,0.013950802042836136,0.014737371761567676,0.01883686434269713,0.01125211140138134,0.015989880103657483,0.013432349111843697,0.06315325887830195,0.016674558764189093,0.02401475374865339,0.04448095276558497,0.029827289967443618,0.04038024623955365,0.00873512525041839,0.01574697650378315,0.047137005909194396,0.010988736263948917,0.0013603652539310312,0.00709653273027977,0.02695461312871289,0.042422659394694105,0.004978977256209778,0.045645252885923644,0.020717884390591024,0.0745326008348373,0.017817466752845568,0.015665650014602378,0.03761895345851622,0.00988567092248888,0.03445659235510653,0.0016320190616925384,0.03696881239831269,0.011517406712340902,0.00760459319790939,0.024446487119511376,0.03623106119676689,0.004731486481247618,5.379214568235202e-05,0.00449019268720479,0.013234878332721453,0.013524480234892881,0.02400734578236724,0.004935527004681403,0.06858409284399405,0.019918802023473556,0.03109560668201028,0.0149002229773256,0.0025142347976110924,0.07192161213034805,0.005386409486267223,0.002171724576566031,0.013292238395733541,0.007744521928116432,0.04164543817083734,0.011532479822391056,0.038316225835003104,0.027668440411646997,0.0036066384006953056,0.009408453263892197,0.01856855139599818,0.004650262370073273,0.01706071439790211,0.016089146255638686,0.023877333641077882,0.034158078280956586,0.02478091437383928,0.0254701589744906,0.0035303749449646857,0.049411856222176614,0.04315986664309978,0.02901098312260618,0.015566510477858106,0.04182375236125757,0.015644903566240244,0.02113604957013948,0.027763676308506745,0.06148704811877589,0.05852548536234777,0.006197401093524499,0.0019673689886845758,0.05230861206006723,0.006711343465046815,0.027522842703634837,0.016156284794076797,0.08840238013277293,0.02967948656962821,0.004128127021847519,0.0027034629390996906,0.03647066099284904,0.007592881128123119,0.030261226780480842,0.00885271976844091,0.036949362768008656,0.005589500311674718,0.0058354170094559454,0.007383094594830136,0.03887100980824776,0.011752086683455919,0.02034229277855379,0.0034982263012390824,0.009404538503369211,0.015083297549663172,0.024316226120861234,0.02791968420266593,0.009646442130090768,0.026541121800110094,0.023278485116531196,0.03702130080244973,0.017929258889968408,0.04210264305150492,0.0031985712212234396,0.030882715891391105,0.024053545194941156,0.03583022655009911,0.014367133953221062,0.04569548600357555,0.02258766034988014,0.04205993963206542,0.019307373317759908,0.0065618375946318724,0.022445635960966936,0.04249498003125683,0.04354725963670013,0.04577193564367968,0.05186601105951334,0.0032516288370597196,0.05866765315731588,0.04478274953824049,0.025773090781491467,0.0327056698051849,0.01442349233360108,0.041961292138244635,0.011237321630680072,0.006883072874109893,0.008310308468845683,0.0436719485541139,0.003984881107991507,0.004903550953079913,0.0067864672175373605,0.015486325935094594,0.0008449418202927453,0.08343008176571634,0.0004319020041081839,0.04401133395852322,0.017725295625186155,0.01982045653547196,0.016417276050968467,0.05339275725112884,0.019762176071768542,0.010504421929106444,0.05482497243653983,0.011107951482389813,0.028280084821811036,0.003980343553355196,0.004428088057034599,0.028078799157359405,0.010702577086257303,0.025288275792467313,0.013567086935825853,0.07380818079639959,0.05192882767153051,0.0356042394674693,0.034957065844164595,0.0003267307224733493,0.029117754221377606,0.004370216383465637,0.011535951128182287,0.008429710547478243,0.009093890850818062,0.044589565068763395,0.0022118192343495297,0.008673894533083284,0.034396182676371574,0.0213147060341916,0.04582260012950318,0.036168099120259214,0.006242954653788074,0.039301953236510465,0.020607161231000506,0.014754919899121637,0.009408283578886473,0.00930832847096471,0.02430235328472604,0.047511025300213935,0.039216745211387447,0.012788535634135255,0.0392376785560727,0.004143272147919562,0.025910681309559022,0.019215852728541143,0.013238920195103424,0.03599667295259239,0.005012883098403871
